-25267
-21440
2
27232
17389
5863
-14823
1718
-14650
-13918
-20424
-1892
27637
-17586
100
-1756
11454
-22529
-29391
19793
12136
-18634
29884
17226
14400
12
20724
-4577
2699
-16797
14630
1639
-19398
-26620
20093
21827
27496
-3011
16719
17062
-15770
-15426
-28566
-7498
6246
-27458
18904
30597
-29005
-24496
-1463
-29000
-24658
-6542
28268
-29845
-19606
-22950
17264
17302
27878
12956
3318
-13606
-14376
-21820
-29266
-12954
-29968
3967
-24052
-24982
-26831
29175
-21020
-14669
-26529
-12234
-26881
-4120
1538
-5862
23069
-29144
-17171
-27832
29501
-10086
-26925
617
-18087
12554
27205
-9545
-18967
-24023
1123
12180
12
-29456
23802
11244
1027
-11988
-17148
21164
3835
28072
-14716
-29879
10969
5239
-15734
85
-14399
-11672
30835
-18300
-6930
-15987
-23430
-13402
-15425
-24600
-13014
-8826
-22506
11820
-6250
-974
-11862
-27709
5283
-1642
-28194
20342
8897
-7932
2927
5428
19800
10073
-1581
18597
1922
-5939
-9437
-28139
5850
-8015
18419
25613
-14026
2589
-8906
-21502
-8142
14253
16669
-20636
-17176
-8878
15094
27346
-5809
29927
-8016
17868
-24560
-26397
-28549
5267
-2923
-285
20956
13411
-16990
-2162
-20352
-25106
12940
3915
-22347
19819
-223
4661
23919
-12626
-3288
29068
16587
18022
12288
22974
-14568
-11730
12927
-27315
7377
-26081
