-2000
-1905
-1895
-1811
-1789
-1778
-1756
-1752
-1721
-1636
-1544
-1516
-1448
-1366
-1289
-1267
-1210
-1204
-1160
-1095
-1019
-1000
-957
-933
-920
-920
-919
-866
-841
-813
-811
-805
-797
-787
-728
-718
-659
-647
-642
-574
-568
-554
-493
-478
-400
-390
-383
-379
-369
-348
-299
-224
-177
-159
-114
-61
-47
-29
-12
35
110
123
174
182
253
260
266
328
337
337
393
461
475
536
626
711
810
872
960
1033
1104
1170
1228
1237
1239
1241
1256
1311
1328
1393
1476
1484
1562
1569
1580
1585
1636
1645
1698
1704
1719
1731
1744
1769
1814
1861
1877
1922
1925
1929
1951
2034
2121
2184
2186
2191
2194
2206
2221
2305
2371
2389
2397
2418
2487
2520
2537
2590
2599
2601
2618
2620
2651
2744
2796
2800
2824
2869
2893
2899
2915
2917
3015
3110
3176
3191
3204
3256
3270
3278
3311
3357
3418
3424
3427
3430
3441
3451
3511
3610
3691
3695
3770
3771
3817
3871
3926
3951
3999
4037
4127
4181
4251
4331
4349
4350
4369
4420
4475
4575
4585
4616
4636
4646
4654
4658
4658
4697
4708
4724
4737
4790
4848
4852
4944
4982
5069
5080
5102
5129
5129
0
