-1000
-2000
-1905
-1895
-1811
-1789
-1778
-1752
-1756
-1721
-1636
-1544
-1516
-1448
-1366
-1289
-1267
-1210
-1204
-1160
-1095
-1019
-920
-920
-919
-933
-957
-866
-841
-787
-811
-805
-797
-813
-718
-728
-659
-647
-642
-574
-568
-554
-493
-478
-379
-400
-390
-348
-369
-383
-299
-224
-177
-159
-114
-61
-47
-29
-12
35
123
110
182
174
260
253
266
337
328
337
393
475
461
536
626
711
810
872
960
1033
1104
1170
1256
1241
1239
1237
1228
1311
1328
1393
1476
1484
1580
1562
1585
1569
1636
1645
1719
1698
1704
1731
1769
1744
1814
1877
1861
1929
1925
1922
1951
2034
2121
2206
2186
2184
2191
2194
2221
2305
2371
2397
2389
2418
2487
2537
2520
2620
2601
2590
2599
2618
2651
2744
2796
2800
2824
2869
2893
2915
2899
2917
3015
3110
3176
3191
3204
3278
3270
3256
3311
3357
3430
3418
3451
3427
3424
3441
3511
3610
3695
3691
3771
3770
3817
3871
3926
3951
3999
4037
4127
4181
4251
4350
4331
4369
4349
4420
4475
4575
4585
4646
4658
4636
4616
4658
4654
4697
4708
4737
4724
4790
4852
4848
4944
4982
5069
5080
5102
5129
